$ANSIBLE_VAULT;1.1;AES256
62626434353862613564666238666638633761383566626264323962333431623834303235336434
3163616436313562363832346130613666653833333034300a383634376361336538363066623265
30303666346430626130336331336266303662633562616363313234646662363431363134366265
3863626131396666390a336335626432333634306532663362336439633261386334323338373538
34366637623134343935303333646430353736663339616266653631303937356237633731643066
39353535626637323932313231643132313036636234663536353534303830623965663666386565
32393239643634343163373165643838343037623636373039613730393630356465353365313539
36363836653461366235386134393835353133636535346465633636316266626665636665303566
61316261663130306561326162626438663036333436356466303236626664373733636362383738
35356262373932303766333238393432653034336239343837393733343333393931393632376239
65653832336661623064333334373463303232663431663763633334313563646131653737656163
32353963333866376562613035326265326663386531643539666562386465663061343062323731
66653832613939356633386334643362383339386566393233313739316565353361303136636539
38383831656630663137333165306363633761346239613936323833623862316636306463626436
38353830646161316465356133616266393161623666656561363865626531383135333234613932
64326436386264343738303937633833646334323730656330393663383035353936313335626566
32623162313932373734383331663433323233313737326361613465376465393131613138663565
32366533613631623730663734306134653961663931383764316332383334613163346434666266
38653834373732613039633661346238653436613935393232313931633964363135383063633538
61366563626533653265396634326431666437623136333330623530353561646462373862333764
32653762363864356166373331666530343763623233623361356339373064336436326638356635
39346533613637643135383131356132386331616336356565643266663937363066343737383230
61386636393632636231646534626563303636636330616234636465373536373832323265666666
37383436343766663836613035376533323433636562323961303030306661346565346464366266
66643531666532366137313863393939666537393161333861333031383264663930326366346361
66353836353161343931393033346337643235373532393463616430633636303532613836393333
33336335336633633832356636383035643965363735633763336534643034303165373561623933
61343062336163313862306265376564393031333634613863393233613039386430623632623863
64396165326336363533383766613266636639316564363036626436313161646464313031646535
35386363613965636637666532316432653634373337303333333663303138336466363962653965
39396566316264666166326364343739613438303065653237313130343264646339653738653037
63386137383635386665333932356362666530663866626565366330383235303939303132396237
62356262363738333039343433666630663562343866636132326235366166656266396361616432
63383562336330386134316235376664343737363436623235643062383735393638353231653835
37366562313562386232343432623332356335386230613537303730653933313830323037643865
38363463343662656136613766626662303638653533363266326634396437396431653932663163
37326162333839666234313164323266643634633861313537346266336135313033613438643038
61373338313463376432353763653739623030393135643135626439343036303938373538356534
62653738316133393638396462633365363765623636396465613932663739396432366230386639
64653135396434663830373466316336356632313466353463373635373638663565396162326630
64373439346130326632303031396231623732636463343566336335663431386634656133376465
31363765346564313362643865636361303934633265323262656637643832626236343635306132
65356163386631393064316362643735393932363161363961343435326536653235353164666433
33306235316238633364623363663063366665386161383633386165653636333539663766636364
63616335636634633834376435386239623937376465663166636331366330333034666533396330
31346434353538653366356335616462616164356638303730656564663333646436386663323839
34326335613361643931613837336163333235316233633238343365333830393139353336323762
33613335313030363939336532383764393733393364373634313764613865373734366434623938
39313161616665313433346262386536616331626132646233333731393839626166613638366363
61346464303065373762393862656566613361326438623338353166646363386338633230636461
65366630326636653131336163653963616136366131303338363238353231373836366462623962
62303736326364376537383164316366636433313831306431663331373439313932336561623536
65333261363338353935353637393836613932636133663633396365643539393438623039643132
66373238636464363437643338343662333237376231633836363632326663323237346539386461
30656461306366353136393738363566373566313062633765653762373231333963653433366434
61636633613031663061656437386333633033346165373066663532303665303436646363343464
33303134396539333834323337376165643034363033313865356662623339663037383939366361
62643934366431336137323431316564646136613237383061353439363865313737333562323533
36646664633163643561646665356630343438333935336334303339306166656632396366316439
39363561326236373563383534353265383137353463393831376536326332386362313239323934
65353839336137613138353037343436306561663533613233353239613666313832616664323463
31646564386331633065323061623237336135623836313761613936653161313638333764633163
33393032633434336261333463353232323337386666343237383766663063623631666263373633
36333131366666633830373334323164386139326663323735353565666363643964623064646531
34336437376332613362363538626633353536303936636631393238306334613433373365393731
30323839376632346463313161356638363165643066613466626234353861616531336565366337
66376364393136343462356232393662343161383432376464623433653265653134616434623537
37393235353436613037643739346264333239323834623161333134653236313939353231663461
37616533633439333231396566393339613635613235363031356137336234643966643134366665
64643337353530666432623262353732616466663336623561326363333761386161643563343662
38373864653766373961333730626132386137656336366631636630656166623664353937336432
34323435383738623332663632616331613238343965323834336363633063633330316638646464
64353235353132316632313963396535366132353061623434616633333064383864376564616133
30306336333235323966326535626135656662373363623531646539353239356161636432323864
37323332666631643763653566323961356662613062346536376162653538343031303362313032
33613231666462633831616666393532663832636135646536653536323632346262343332346237
32313936626433633130623766626637316261336232313531353139646134653663316361626265
35613331383634303236333264336534623831613338353033313866303736356132656364336537
36346665386166343563346331343763383964633666306133313831313432396461373031396563
65373063323762653066346530316232313237323236653139373936343961303266343465353531
62343333633938613632306266613331653335653064636238653963303232616633383536333862
61323634663136656230663265333133663234373731363737336436356635663237303338643063
30393832303234636666383832323831333763303564646432343563363838366232613162376331
31613565316632356264613266366539373934373066363565323562376665383632613731396338
38306131313338626663653532643564303363613038333263333233303564663164653063336130
63656366373738386538346564303165383035346232613233376533313566393738383834333536
65663036663536383439656432373630356230663033363763346537386362313965326333303432
61326534613638323163643332356532343231643463646337396364323637663362666238303562
61663165373737393138633266643137326236346531386133666132666332313236333066326363
37326233396163333739376138633734366164663463343166646562323161333439633762666136
35393565373565656332653464653833623432643037323938623163343238333230653065663566
37306133663964336634303139366638616139653338356333396230656264353961363266346332
64383634303635376538346238306439636465663535663361353130666338623262643664373162
36626434616265313633376438613964613563373930343335393334663738623366663537393264
39653837376561386366323435336439373265616639623962333165643330366238323665663833
66303332326165343361646266646564353537616634323937613563656631313135663130376434
32363939313034646661393036376439323535626435313565663237666432386439303332373864
33383338313266343837613639616534353236636164653739393561316431393432333062316162
37383761306534363935623331366630376365313831316237643632393164356164303639336435
39616437363732343036653464376337353430643562616636656332333134316538363930313932
62643339616435336531333238373934646235323465323935646334616337366461646338373863
65353366356265303431643062333761343733663337346365353963363632656637633937616538
38373265386130333963396338636132643432376563393938386530363531626561313563626334
33373733623130633132316437656630643666326633656266633936353466626136343430383233
35306536326635393236343233643064633633333432653535396130316266316639656563646230
61653862393237646439633565616365303038323831333239313534343430636233313164326261
38653633663730636531303633326333336234386465383036616634396131666366303236313138
39616435323265656531636639663932633933343938616665343661303034393638323761666531
66653833376664393665353439353930316664613266323039323537383564323335643434396530
64626434633837346637353230323464623135623037636366393037303063343031326531393266
36306163616338303630666439663130343966316262353661333062653261323032636433366334
61653937333132353437383635386437356164663330326639333934633865373139643761656362
33373064346136363035653136313139356663653138626331643063653534353330383030653562
31616530363164363431323032363431376464313739333838323634343462303337333036306333
37343663333862343735393335363964643834313966646666663332346134303763643739383531
31616266343962666630666565313862373530313764383463373736343334613834346666303664
38303836313937356364383562396337653839343739663636313137346138643862613165336134
36623665383532326638636634306130663638373939313761303766353036613238626535343130
34356530393732333438613761653965306432643235646661393238393132373066646335616662
63313235333864633733356363663465643031303239333266396562393961376532333030376264
36363161386435656334393864306539373336376434353366333239613836396433383333613633
62653264336465306237333761643230366437366236656637323164633530333635323935333263
39313132396662326363656265326435656566333137313039656532613361396331313762366233
34323638623733343931613638396463393066633736383138376134646230343337386330333530
65623938663634326630653435666263616235663162636236383565633732333263333933343863
64663631393734666235373465626666623436353733653461363734623264663933653436656431
36336664356236396339626662303565653233386232666461616566393431393033363235363437
37363461613265363231316330653431626231623039306364646566616563313862666631653835
36323531663265666530636134383766626132386138396666643237303330313231396166633938
37653834356561363932313662633437623132383033653038616365333765653263306261613338
34643063643635633563306663363436376464313765646339313236386631323833323234636231
62613437623462616637323738306532326438353339343662303439356362643461623534316539
35633065636364346339376561613232323934366534353134653732313061366165623333396561
63616531373465653063643261303639356264656335666362313361366161353534663638376161
353266333561373066373932343430333439
